Linux 6.17.0-1017-aws (ip-172-31-67-195) 	08/28/26 	_x86_64_	(8 CPU)

13:08:27     CPU    %usr   %nice    %sys %iowait    %irq   %soft  %steal  %guest  %gnice   %idle
13:08:28     all    0.00    0.00    0.25    0.12    0.00    0.00    0.00    0.00    0.00   99.62
13:08:28       0    0.00    0.00    0.00    0.00    0.00    0.00    0.00    0.00    0.00  100.00
13:08:28       1    0.00    0.00    0.00    0.00    0.00    0.00    0.00    0.00    0.00  100.00
13:08:28       2    0.00    0.00    0.00    0.00    0.00    0.00    0.00    0.00    0.00  100.00
13:08:28       3    0.00    0.00    0.00    0.00    0.00    0.00    0.00    0.00    0.00  100.00
13:08:28       4    0.00    0.00    0.00    0.00    0.00    0.00    0.00    0.00    0.00  100.00
13:08:28       5    0.00    0.00    0.99    0.00    0.00    0.00    0.00    0.00    0.00   99.01
13:08:28       6    0.00    0.00    0.00    0.00    0.00    0.00    0.00    0.00    0.00  100.00
13:08:28       7    0.00    0.00    1.01    1.01    0.00    0.00    0.00    0.00    0.00   97.98

13:08:28     CPU    %usr   %nice    %sys %iowait    %irq   %soft  %steal  %guest  %gnice   %idle
13:08:29     all    0.00    0.00    0.00    0.00    0.00    0.00    0.00    0.00    0.00  100.00
13:08:29       0    0.00    0.00    0.00    0.00    0.00    0.00    0.00    0.00    0.00  100.00
13:08:29       1    0.00    0.00    0.00    0.00    0.00    0.00    0.00    0.00    0.00  100.00
13:08:29       2    0.00    0.00    0.00    0.00    0.00    0.00    0.00    0.00    0.00  100.00
13:08:29       3    0.00    0.00    0.00    0.00    0.00    0.00    0.00    0.00    0.00  100.00
13:08:29       4    0.00    0.00    0.00    0.00    0.00    0.00    0.00    0.00    0.00  100.00
13:08:29       5    0.00    0.00    0.00    0.00    0.00    0.00    0.00    0.00    0.00  100.00
13:08:29       6    0.00    0.00    0.00    0.00    0.00    0.00    0.00    0.00    0.00  100.00
13:08:29       7    0.00    0.00    0.00    0.00    0.00    0.00    0.00    0.00    0.00  100.00

13:08:29     CPU    %usr   %nice    %sys %iowait    %irq   %soft  %steal  %guest  %gnice   %idle
13:08:30     all    0.00    0.00    0.00    0.00    0.00    0.00    0.00    0.00    0.00  100.00
13:08:30       0    0.00    0.00    0.00    0.00    0.00    0.00    0.00    0.00    0.00  100.00
13:08:30       1    0.00    0.00    0.00    0.00    0.00    0.00    0.00    0.00    0.00  100.00
13:08:30       2    0.00    0.00    0.00    0.00    0.00    0.00    0.00    0.00    0.00  100.00
13:08:30       3    0.00    0.00    0.00    0.00    0.00    0.00    0.00    0.00    0.00  100.00
13:08:30       4    0.00    0.00    0.00    0.00    0.00    0.00    0.00    0.00    0.00  100.00
13:08:30       5    0.00    0.00    0.00    0.00    0.00    0.00    0.00    0.00    0.00  100.00
13:08:30       6    0.00    0.00    0.00    0.00    0.00    0.00    0.00    0.00    0.00  100.00
13:08:30       7    0.00    0.00    0.00    0.00    0.00    0.00    0.00    0.00    0.00  100.00

13:08:30     CPU    %usr   %nice    %sys %iowait    %irq   %soft  %steal  %guest  %gnice   %idle
13:08:31     all    0.00    0.00    0.00    0.00    0.00    0.00    0.00    0.00    0.00  100.00
13:08:31       0    0.00    0.00    0.00    0.00    0.00    0.00    0.00    0.00    0.00  100.00
13:08:31       1    0.00    0.00    0.00    0.00    0.00    0.00    0.00    0.00    0.00  100.00
13:08:31       2    0.00    0.00    0.00    0.00    0.00    0.00    0.00    0.00    0.00  100.00
13:08:31       3    0.00    0.00    0.00    0.00    0.00    0.00    0.00    0.00    0.00  100.00
13:08:31       4    0.00    0.00    0.00    0.00    0.00    0.00    0.00    0.00    0.00  100.00
13:08:31       5    0.00    0.00    0.00    0.00    0.00    0.00    0.00    0.00    0.00  100.00
13:08:31       6    0.00    0.00    0.00    0.00    0.00    0.00    0.00    0.00    0.00  100.00
13:08:31       7    0.00    0.00    0.00    0.00    0.00    0.00    0.00    0.00    0.00  100.00

13:08:31     CPU    %usr   %nice    %sys %iowait    %irq   %soft  %steal  %guest  %gnice   %idle
13:08:32     all    0.00    0.00    0.00    0.00    0.00    0.00    0.00    0.00    0.00  100.00
13:08:32       0    0.00    0.00    0.00    0.00    0.00    0.00    0.00    0.00    0.00  100.00
13:08:32       1    0.00    0.00    0.00    0.00    0.00    0.00    0.00    0.00    0.00  100.00
13:08:32       2    0.00    0.00    0.00    0.00    0.00    0.00    0.00    0.00    0.00  100.00
13:08:32       3    0.00    0.00    0.00    0.00    0.00    0.00    0.00    0.00    0.00  100.00
13:08:32       4    0.00    0.00    0.00    0.00    0.00    0.00    0.00    0.00    0.00  100.00
13:08:32       5    0.00    0.00    0.00    0.00    0.00    0.00    0.00    0.00    0.00  100.00
13:08:32       6    0.00    0.00    0.00    0.00    0.00    0.00    0.00    0.00    0.00  100.00
13:08:32       7    0.00    0.00    0.00    0.00    0.00    0.00    0.00    0.00    0.00  100.00

13:08:32     CPU    %usr   %nice    %sys %iowait    %irq   %soft  %steal  %guest  %gnice   %idle
13:08:33     all    0.00    0.00    0.00    0.38    0.00    0.00    0.00    0.00    0.00   99.62
13:08:33       0    0.00    0.00    0.00    0.00    0.00    0.00    0.00    0.00    0.00  100.00
13:08:33       1    0.00    0.00    0.00    0.00    0.00    0.00    0.00    0.00    0.00  100.00
13:08:33       2    0.00    0.00    0.00    0.00    0.00    0.00    0.00    0.00    0.00  100.00
13:08:33       3    0.00    0.00    0.00    0.00    0.00    0.00    0.00    0.00    0.00  100.00
13:08:33       4    0.00    0.00    0.00    0.00    0.00    0.00    0.00    0.00    0.00  100.00
13:08:33       5    0.00    0.00    0.00    0.00    0.00    0.00    0.00    0.00    0.00  100.00
13:08:33       6    0.00    0.00    0.00    0.00    0.00    0.00    0.00    0.00    0.00  100.00
13:08:33       7    0.00    0.00    0.00    3.00    0.00    0.00    0.00    0.00    0.00   97.00

13:08:33     CPU    %usr   %nice    %sys %iowait    %irq   %soft  %steal  %guest  %gnice   %idle
13:08:34     all    0.00    0.00    0.00    0.00    0.00    0.00    0.00    0.00    0.00  100.00
13:08:34       0    0.00    0.00    0.00    0.00    0.00    0.00    0.00    0.00    0.00  100.00
13:08:34       1    0.00    0.00    0.00    0.00    0.00    0.00    0.00    0.00    0.00  100.00
13:08:34       2    0.00    0.00    0.00    0.00    0.00    0.00    0.00    0.00    0.00  100.00
13:08:34       3    0.00    0.00    0.00    0.00    0.00    0.00    0.00    0.00    0.00  100.00
13:08:34       4    0.00    0.00    0.00    0.00    0.00    0.00    0.00    0.00    0.00  100.00
13:08:34       5    0.00    0.00    0.00    0.00    0.00    0.00    0.00    0.00    0.00  100.00
13:08:34       6    0.00    0.00    0.00    0.00    0.00    0.00    0.00    0.00    0.00  100.00
13:08:34       7    0.00    0.00    0.00    0.00    0.00    0.00    0.00    0.00    0.00  100.00

13:08:34     CPU    %usr   %nice    %sys %iowait    %irq   %soft  %steal  %guest  %gnice   %idle
13:08:35     all    0.00    0.00    0.00    0.00    0.00    0.00    0.00    0.00    0.00  100.00
13:08:35       0    0.00    0.00    0.00    0.00    0.00    0.00    0.00    0.00    0.00  100.00
13:08:35       1    0.00    0.00    0.00    0.00    0.00    0.00    0.00    0.00    0.00  100.00
13:08:35       2    0.00    0.00    0.00    0.00    0.00    0.00    0.00    0.00    0.00  100.00
13:08:35       3    0.00    0.00    0.00    0.00    0.00    0.00    0.00    0.00    0.00  100.00
13:08:35       4    0.00    0.00    0.00    0.00    0.00    0.00    0.00    0.00    0.00  100.00
13:08:35       5    0.00    0.00    0.00    0.00    0.00    0.00    0.00    0.00    0.00  100.00
13:08:35       6    0.00    0.00    0.00    0.00    0.00    0.00    0.00    0.00    0.00  100.00
13:08:35       7    0.00    0.00    0.00    0.00    0.00    0.00    0.00    0.00    0.00  100.00

13:08:35     CPU    %usr   %nice    %sys %iowait    %irq   %soft  %steal  %guest  %gnice   %idle
13:08:36     all    0.00    0.00    0.00    0.00    0.00    0.00    0.00    0.00    0.00  100.00
13:08:36       0    0.00    0.00    0.00    0.00    0.00    0.00    0.00    0.00    0.00  100.00
13:08:36       1    0.00    0.00    0.00    0.00    0.00    0.00    0.00    0.00    0.00  100.00
13:08:36       2    0.00    0.00    0.00    0.00    0.00    0.00    0.00    0.00    0.00  100.00
13:08:36       3    0.00    0.00    0.00    0.00    0.00    0.00    0.00    0.00    0.00  100.00
13:08:36       4    0.00    0.00    0.00    0.00    0.00    0.00    0.00    0.00    0.00  100.00
13:08:36       5    0.00    0.00    0.00    0.00    0.00    0.00    0.00    0.00    0.00  100.00
13:08:36       6    0.00    0.00    0.00    0.00    0.00    0.00    0.00    0.00    0.00  100.00
13:08:36       7    0.00    0.00    0.00    0.00    0.00    0.00    0.00    0.00    0.00  100.00

13:08:36     CPU    %usr   %nice    %sys %iowait    %irq   %soft  %steal  %guest  %gnice   %idle
13:08:37     all    0.00    0.00    0.00    0.00    0.00    0.00    0.00    0.00    0.00  100.00
13:08:37       0    0.00    0.00    0.00    0.00    0.00    0.00    0.00    0.00    0.00  100.00
13:08:37       1    0.00    0.00    0.00    0.00    0.00    0.00    0.00    0.00    0.00  100.00
13:08:37       2    0.00    0.00    0.00    0.00    0.00    0.00    0.00    0.00    0.00  100.00
13:08:37       3    0.00    0.00    0.00    0.00    0.00    0.00    0.00    0.00    0.00  100.00
13:08:37       4    0.00    0.00    0.00    0.00    0.00    0.00    0.00    0.00    0.00  100.00
13:08:37       5    0.00    0.00    0.00    0.00    0.00    0.00    0.00    0.00    0.00  100.00
13:08:37       6    0.00    0.00    0.00    0.00    0.00    0.00    0.00    0.00    0.00  100.00
13:08:37       7    0.00    0.00    0.00    0.00    0.00    0.00    0.00    0.00    0.00  100.00

13:08:37     CPU    %usr   %nice    %sys %iowait    %irq   %soft  %steal  %guest  %gnice   %idle
13:08:38     all    0.00    0.00    0.12    0.37    0.00    0.00    0.00    0.00    0.00   99.50
13:08:38       0    0.00    0.00    0.00    0.00    0.00    0.00    0.00    0.00    0.00  100.00
13:08:38       1    0.00    0.00    0.00    0.00    0.00    0.00    0.00    0.00    0.00  100.00
13:08:38       2    0.00    0.00    0.00    0.00    0.00    0.00    0.00    0.00    0.00  100.00
13:08:38       3    0.00    0.00    0.00    0.00    0.00    0.00    0.00    0.00    0.00  100.00
13:08:38       4    0.00    0.00    0.00    0.00    0.00    0.00    0.00    0.00    0.00  100.00
13:08:38       5    0.00    0.00    0.00    3.00    0.00    0.00    0.00    0.00    0.00   97.00
13:08:38       6    0.00    0.00    0.99    0.00    0.00    0.00    0.00    0.00    0.00   99.01
13:08:38       7    0.00    0.00    0.00    0.00    0.00    0.00    0.00    0.00    0.00  100.00

13:08:38     CPU    %usr   %nice    %sys %iowait    %irq   %soft  %steal  %guest  %gnice   %idle
13:08:39     all    0.00    0.00    0.00    0.00    0.00    0.00    0.00    0.00    0.00  100.00
13:08:39       0    0.00    0.00    0.00    0.00    0.00    0.00    0.00    0.00    0.00  100.00
13:08:39       1    0.00    0.00    0.00    0.00    0.00    0.00    0.00    0.00    0.00  100.00
13:08:39       2    0.00    0.00    0.00    0.00    0.00    0.00    0.00    0.00    0.00  100.00
13:08:39       3    0.00    0.00    0.00    0.00    0.00    0.00    0.00    0.00    0.00  100.00
13:08:39       4    0.00    0.00    0.00    0.00    0.00    0.00    0.00    0.00    0.00  100.00
13:08:39       5    0.00    0.00    0.00    0.00    0.00    0.00    0.00    0.00    0.00  100.00
13:08:39       6    0.00    0.00    0.00    0.00    0.00    0.00    0.00    0.00    0.00  100.00
13:08:39       7    0.00    0.00    0.00    0.00    0.00    0.00    0.00    0.00    0.00  100.00

13:08:39     CPU    %usr   %nice    %sys %iowait    %irq   %soft  %steal  %guest  %gnice   %idle
13:08:40     all    0.00    0.00    0.00    0.00    0.00    0.00    0.00    0.00    0.00  100.00
13:08:40       0    0.00    0.00    0.00    0.00    0.00    0.00    0.00    0.00    0.00  100.00
13:08:40       1    0.00    0.00    0.00    0.00    0.00    0.00    0.00    0.00    0.00  100.00
13:08:40       2    0.00    0.00    0.00    0.00    0.00    0.00    0.00    0.00    0.00  100.00
13:08:40       3    0.00    0.00    0.00    0.00    0.00    0.00    0.00    0.00    0.00  100.00
13:08:40       4    0.00    0.00    0.00    0.00    0.00    0.00    0.00    0.00    0.00  100.00
13:08:40       5    0.00    0.00    0.00    0.00    0.00    0.00    0.00    0.00    0.00  100.00
13:08:40       6    0.00    0.00    0.00    0.00    0.00    0.00    0.00    0.00    0.00  100.00
13:08:40       7    0.00    0.00    0.00    0.00    0.00    0.00    0.00    0.00    0.00  100.00

13:08:40     CPU    %usr   %nice    %sys %iowait    %irq   %soft  %steal  %guest  %gnice   %idle
13:08:41     all    0.00    0.00    0.00    0.00    0.00    0.00    0.00    0.00    0.00  100.00
13:08:41       0    0.00    0.00    0.00    0.00    0.00    0.00    0.00    0.00    0.00  100.00
13:08:41       1    0.00    0.00    0.00    0.00    0.00    0.00    0.00    0.00    0.00  100.00
13:08:41       2    0.00    0.00    0.00    0.00    0.00    0.00    0.00    0.00    0.00  100.00
13:08:41       3    0.00    0.00    0.00    0.00    0.00    0.00    0.00    0.00    0.00  100.00
13:08:41       4    0.00    0.00    0.00    0.00    0.00    0.00    0.00    0.00    0.00  100.00
13:08:41       5    0.00    0.00    0.00    0.00    0.00    0.00    0.00    0.00    0.00  100.00
13:08:41       6    0.00    0.00    0.00    0.00    0.00    0.00    0.00    0.00    0.00  100.00
13:08:41       7    0.00    0.00    0.00    0.00    0.00    0.00    0.00    0.00    0.00  100.00

13:08:41     CPU    %usr   %nice    %sys %iowait    %irq   %soft  %steal  %guest  %gnice   %idle
13:08:42     all    0.00    0.00    0.00    0.00    0.00    0.00    0.00    0.00    0.00  100.00
13:08:42       0    0.00    0.00    0.00    0.00    0.00    0.00    0.00    0.00    0.00  100.00
13:08:42       1    0.00    0.00    0.00    0.00    0.00    0.00    0.00    0.00    0.00  100.00
13:08:42       2    0.00    0.00    0.00    0.00    0.00    0.00    0.00    0.00    0.00  100.00
13:08:42       3    0.00    0.00    0.00    0.00    0.00    0.00    0.00    0.00    0.00  100.00
13:08:42       4    0.00    0.00    0.00    0.00    0.00    0.00    0.00    0.00    0.00  100.00
13:08:42       5    0.00    0.00    0.00    0.00    0.00    0.00    0.00    0.00    0.00  100.00
13:08:42       6    0.00    0.00    0.00    0.00    0.00    0.00    0.00    0.00    0.00  100.00
13:08:42       7    0.00    0.00    0.00    0.00    0.00    0.00    0.00    0.00    0.00  100.00

13:08:42     CPU    %usr   %nice    %sys %iowait    %irq   %soft  %steal  %guest  %gnice   %idle
13:08:43     all    0.00    0.00    0.12    0.12    0.00    0.00    0.00    0.00    0.00   99.75
13:08:43       0    0.00    0.00    0.99    0.99    0.00    0.00    0.00    0.00    0.00   98.02
13:08:43       1    0.00    0.00    0.00    0.00    0.00    0.00    0.00    0.00    0.00  100.00
13:08:43       2    0.00    0.00    0.00    0.00    0.00    0.00    0.00    0.00    0.00  100.00
13:08:43       3    0.00    0.00    0.00    0.00    0.00    0.00    0.00    0.00    0.00  100.00
13:08:43       4    0.00    0.00    0.00    0.00    0.00    0.00    0.00    0.00    0.00  100.00
13:08:43       5    0.00    0.00    0.00    0.00    0.00    0.00    0.00    0.00    0.00  100.00
13:08:43       6    0.00    0.00    0.00    0.00    0.00    0.00    0.00    0.00    0.00  100.00
13:08:43       7    0.00    0.00    0.00    0.00    0.00    0.00    0.00    0.00    0.00  100.00

13:08:43     CPU    %usr   %nice    %sys %iowait    %irq   %soft  %steal  %guest  %gnice   %idle
13:08:44     all    0.25    0.00    0.25    0.75    0.00    0.00    0.00    0.00    0.00   98.75
13:08:44       0    0.00    0.00    0.00    0.00    0.00    0.00    0.00    0.00    0.00  100.00
13:08:44       1    0.00    0.00    0.00    0.00    0.00    0.00    0.00    0.00    0.00  100.00
13:08:44       2    0.99    0.00    0.99    0.99    0.00    0.00    0.00    0.00    0.00   97.03
13:08:44       3    0.00    0.00    0.00    0.00    0.00    0.00    0.00    0.00    0.00  100.00
13:08:44       4    0.00    0.00    0.00    0.00    0.00    0.00    0.00    0.00    0.00  100.00
13:08:44       5    0.00    0.00    1.00    5.00    0.00    0.00    0.00    0.00    0.00   94.00
13:08:44       6    0.00    0.00    0.00    0.00    0.00    0.00    0.00    0.00    0.00  100.00
13:08:44       7    0.99    0.00    0.00    0.00    0.00    0.00    0.00    0.00    0.00   99.01

13:08:44     CPU    %usr   %nice    %sys %iowait    %irq   %soft  %steal  %guest  %gnice   %idle
13:08:45     all    0.00    0.00    0.00    0.00    0.00    0.00    0.00    0.00    0.00  100.00
13:08:45       0    0.00    0.00    0.00    0.00    0.00    0.00    0.00    0.00    0.00  100.00
13:08:45       1    0.00    0.00    0.00    0.00    0.00    0.00    0.00    0.00    0.00  100.00
13:08:45       2    0.00    0.00    0.00    0.00    0.00    0.00    0.00    0.00    0.00  100.00
13:08:45       3    0.00    0.00    0.00    0.00    0.00    0.00    0.00    0.00    0.00  100.00
13:08:45       4    0.00    0.00    0.00    0.00    0.00    0.00    0.00    0.00    0.00  100.00
13:08:45       5    0.00    0.00    0.00    0.00    0.00    0.00    0.00    0.00    0.00  100.00
13:08:45       6    0.00    0.00    0.00    0.00    0.00    0.00    0.00    0.00    0.00  100.00
13:08:45       7    0.00    0.00    0.00    0.00    0.00    0.00    0.00    0.00    0.00  100.00

13:08:45     CPU    %usr   %nice    %sys %iowait    %irq   %soft  %steal  %guest  %gnice   %idle
13:08:46     all    0.00    0.00    0.00    0.00    0.00    0.00    0.00    0.00    0.00  100.00
13:08:46       0    0.00    0.00    0.00    0.00    0.00    0.00    0.00    0.00    0.00  100.00
13:08:46       1    0.00    0.00    0.00    0.00    0.00    0.00    0.00    0.00    0.00  100.00
13:08:46       2    0.00    0.00    0.00    0.00    0.00    0.00    0.00    0.00    0.00  100.00
13:08:46       3    0.00    0.00    0.00    0.00    0.00    0.00    0.00    0.00    0.00  100.00
13:08:46       4    0.00    0.00    0.00    0.00    0.00    0.00    0.00    0.00    0.00  100.00
13:08:46       5    0.00    0.00    0.00    0.00    0.00    0.00    0.00    0.00    0.00  100.00
13:08:46       6    0.00    0.00    0.00    0.00    0.00    0.00    0.00    0.00    0.00  100.00
13:08:46       7    0.00    0.00    0.00    0.00    0.00    0.00    0.00    0.00    0.00  100.00

13:08:46     CPU    %usr   %nice    %sys %iowait    %irq   %soft  %steal  %guest  %gnice   %idle
13:08:47     all    0.00    0.00    0.00    0.00    0.00    0.00    0.00    0.00    0.00  100.00
13:08:47       0    0.00    0.00    0.00    0.00    0.00    0.00    0.00    0.00    0.00  100.00
13:08:47       1    0.00    0.00    0.00    0.00    0.00    0.00    0.00    0.00    0.00  100.00
13:08:47       2    0.00    0.00    0.00    0.00    0.00    0.00    0.00    0.00    0.00  100.00
13:08:47       3    0.00    0.00    0.00    0.00    0.00    0.00    0.00    0.00    0.00  100.00
13:08:47       4    0.00    0.00    0.00    0.00    0.00    0.00    0.00    0.00    0.00  100.00
13:08:47       5    0.00    0.00    0.00    0.00    0.00    0.00    0.00    0.00    0.00  100.00
13:08:47       6    0.00    0.00    0.00    0.00    0.00    0.00    0.00    0.00    0.00  100.00
13:08:47       7    0.00    0.00    0.00    0.00    0.00    0.00    0.00    0.00    0.00  100.00

Average:     CPU    %usr   %nice    %sys %iowait    %irq   %soft  %steal  %guest  %gnice   %idle
Average:     all    0.01    0.00    0.04    0.09    0.00    0.00    0.00    0.00    0.00   99.86
Average:       0    0.00    0.00    0.05    0.05    0.00    0.00    0.00    0.00    0.00   99.90
Average:       1    0.00    0.00    0.00    0.00    0.00    0.00    0.00    0.00    0.00  100.00
Average:       2    0.05    0.00    0.05    0.05    0.00    0.00    0.00    0.00    0.00   99.85
Average:       3    0.00    0.00    0.00    0.00    0.00    0.00    0.00    0.00    0.00  100.00
Average:       4    0.00    0.00    0.00    0.00    0.00    0.00    0.00    0.00    0.00  100.00
Average:       5    0.00    0.00    0.10    0.40    0.00    0.00    0.00    0.00    0.00   99.50
Average:       6    0.00    0.00    0.05    0.00    0.00    0.00    0.00    0.00    0.00   99.95
Average:       7    0.05    0.00    0.05    0.20    0.00    0.00    0.00    0.00    0.00   99.70
